227966 0C4 8 83 00 00 00 00 FF F1 00
227970 12F 8 3F 00 00 00 00 40 01 00
227973 1A0 8 00 00 00 00 00 00 90 90
227976 1A6 8 00 00 00 00 00 00 A0 F3
227979 0AA 8 5F 59 FF 00 00 00 80 99
227988 592 8 40 8F 00 30 FF FF FF FF
228018 0AA 8 5F 59 FF 00 00 00 80 99
228025 1B4 8 00 C0 E0 F3 00 30 FC 78
228026 2CA 2 81 FF
228058 130 8 45 42 69 8F 2C 00 00 00
228061 1D0 8 30 30 2B CD 00 00 CD A8
228064 1D2 8 E1 0F FF AC F0 FF FF FF
228067 0C4 8 83 00 00 00 00 FF F1 00
228070 12F 8 3F 00 00 00 00 40 01 00
228073 1A0 8 00 00 00 00 00 00 A0 A0
228076 1A6 8 00 00 00 00 00 00 30 F5
228078 0AA 8 5F 59 FF 00 00 00 80 99
228108 0C1 8 04 FF 00 00 00 00 00 00
228111 592 8 40 19 01 30 FF FF FF FF
228117 0AA 8 5F 59 FF 00 00 00 80 99
228125 1B4 8 00 C0 E0 F4 00 30 FC 79
228127 193 8 06 FE F1 00 00 50 00 00
228130 21A 8 04 00 F7 00 00 00 00 00
228133 1F6 8 80 F0 00 00 00 00 00 00
228136 19E 8 00 E0 03 FC CC 00 00 A5
228140 0C0 8 F5 FF 00 00 00 00 00 00
228143 0D7 8 68 FF 00 00 00 00 00 00
228146 349 8 E4 25 D0 20 00 00 00 00
228149 34F 8 FD FF 00 00 00 00 00 00
228158 130 8 45 42 69 8F 2D 00 00 00
228160 1D0 8 30 30 2C CD 00 00 CD A8
228163 1D2 8 E1 0F FF BC F0 FF FF FF
228166 0C4 8 83 00 00 00 00 FF F1 00
228169 12F 8 3F 00 00 00 00 40 01 00
228172 1A0 8 00 00 00 00 00 00 B0 B0
228175 1A6 8 00 00 00 00 00 00 C0 F6
228178 0AA 8 5F 59 FF 00 00 00 80 99
228188 592 8 40 8B 00 30 FF FF FF FF
228217 0AA 8 5F 59 FF 00 00 00 80 99
228225 1B4 8 00 C0 E0 F5 00 30 FC 7A
228257 130 8 45 42 69 8F 2E 00 00 00
228260 1D0 8 30 30 2D CD 00 00 CD A8
228263 1D2 8 E1 0F FF CC F0 FF FF FF
228267 0C4 8 83 00 00 00 00 FF F1 00
228270 12F 8 3F 00 00 00 00 40 01 00
228273 1A0 8 00 00 00 00 00 00 C0 C0
228276 1A6 8 00 00 00 00 00 00 50 F8
228279 0AA 8 5F 59 FF 00 00 00 80 99
228318 0AA 8 5F 59 FF 00 00 00 80 99
228325 1B4 8 00 C0 E0 F6 00 30 FC 7B
228328 193 8 17 FE F1 00 00 50 00 00
228331 21A 8 04 00 F7 00 00 00 00 00
228333 1F6 8 80 F0 00 00 00 00 00 00
228336 19E 8 00 E0 13 FC CC 00 00 A6
228339 0C0 8 F6 FF 00 00 00 00 00 00
228342 0D7 8 69 FF 00 00 00 00 00 00
228344 4E0 8 60 04 FF FF FF FF FF FF
228346 349 8 E4 25 D0 20 00 00 00 00
228348 34F 8 FD FF 00 00 00 00 00 00
228358 130 8 45 42 69 8F 2F 00 00 00
228361 1D0 8 30 30 2E CD 00 00 CD A8
228364 1D2 8 E1 0F FF DC F0 FF FF FF
228367 0C4 8 83 00 00 00 00 FF F1 00
228370 12F 8 3F 00 00 00 00 40 01 00
228373 1A0 8 00 00 00 00 00 00 D0 D0
228375 1A6 8 00 00 00 00 00 00 E0 F9
228378 0AA 8 5F 59 FF 00 00 00 80 99
228387 592 8 40 61 01 30 FF FF FF FF
228408 39E 8 0C 00 00 01 1F DA 07 F2
228417 0AA 8 5F 59 FF 00 00 00 80 99
228424 1B4 8 00 C0 E0 F7 00 30 FC 7C
228458 130 8 45 42 69 8F 30 00 00 00
228460 1D0 8 30 30 2F CD 00 00 CD A8
228463 1D2 8 E1 0F FF EC F0 FF FF FF
228466 0C4 8 83 00 00 00 00 FF F1 00
228469 12F 8 3F 00 00 00 00 40 01 00
228472 1A0 8 00 00 00 00 00 00 E0 E0
228475 1A6 8 00 00 00 00 00 00 70 FB
228478 0AA 8 5F 59 FF 00 00 00 80 99
228492 2F8 8 0C 00 00 01 1F DA 07 FD
228517 0AA 8 5F 59 FF 00 00 00 80 99
228525 1B4 8 00 C0 E0 F8 00 30 FC 7D
228528 193 8 28 FE F1 00 00 50 00 00
228531 21A 8 04 00 F7 00 00 00 00 00
228534 1F6 8 80 F0 00 00 00 00 00 00
228537 19E 8 00 E0 23 FC CC 00 00 A7
228540 0C0 8 F7 FF 00 00 00 00 00 00
228543 0D7 8 6A FF 00 00 00 00 00 00
228545 349 8 E4 25 D0 20 00 00 00 00
228548 34F 8 FD FF 00 00 00 00 00 00
228557 130 8 45 42 69 8F 31 00 00 00
228560 1D0 8 30 30 20 CD 00 00 CD A8
228563 1D2 8 E1 0F FF FC F0 FF FF FF
228567 0C4 8 83 00 00 00 00 FF F1 00
228570 12F 8 3F 00 00 00 00 40 01 00
228573 1A0 8 00 00 00 00 00 00 F0 F0
228576 1A6 8 00 00 00 00 00 00 00 FD
228579 0AA 8 5F 59 FF 00 00 00 80 99
228588 592 8 40 D5 00 30 FF FF FF FF
228590 592 8 40 00 00 30 FF FF FF FF
228608 0C1 8 4C FF 00 00 00 00 00 00
228611 592 8 40 19 01 30 FF FF FF FF
228618 0AA 8 5F 59 FF 00 00 00 80 99
228624 1B4 8 00 C0 E0 F9 00 30 FC 7E
228658 130 8 45 42 69 8F 32 00 00 00
228661 1D0 8 30 30 21 CD 00 00 CD A8
228664 1D2 8 E1 0F FF 0C F0 FF FF FF
228667 0C4 8 83 00 00 00 00 FF F1 00
228670 12F 8 3F 00 00 00 00 40 01 00
228673 1A0 8 00 00 00 00 00 00 00 00
228675 1A6 8 00 00 00 00 00 00 90 FE
228678 0AA 8 5F 59 FF 00 00 00 80 99
228717 0AA 8 5F 59 FF 00 00 00 80 99
228725 1B4 8 00 C0 E0 FA 00 30 FC 7F
228727 193 8 39 FE F1 00 00 50 00 00
228730 21A 8 04 00 F7 00 00 00 00 00
228733 1F6 8 80 F0 00 00 00 00 00 00
228737 19E 8 00 E0 03 FC CC 00 00 A8
228740 0C0 8 F8 FF 00 00 00 00 00 00
228743 0D7 8 6B FF 00 00 00 00 00 00
228746 349 8 E4 25 D0 20 00 00 00 00
228749 34F 8 FD FF 00 00 00 00 00 00
228751 328 6 88 03 00 00 FF FF
228757 130 8 45 42 69 8F 33 00 00 00
228760 1D0 8 30 30 22 CD 00 00 CD A8
228763 1D2 8 E1 0F FF 1C F0 FF FF FF
228766 0C4 8 83 00 00 00 00 FF F1 00
228769 12F 8 3F 00 00 00 00 40 01 00
228772 1A0 8 00 00 00 00 00 00 10 10
228775 1A6 8 00 00 00 00 00 00 20 F0
228779 0AA 8 5F 59 FF 00 00 00 80 99
228788 592 8 40 D4 00 30 FF FF FF FF
228817 0AA 8 5F 59 FF 00 00 00 80 99
228826 1B4 8 00 C0 E0 FB 00 30 FC 80
228857 130 8 45 42 69 8F 34 00 00 00
228860 1D0 8 30 30 23 CD 00 00 CD A8
228864 1D2 8 E1 0F FF 2C F0 FF FF FF
228867 0C4 8 83 00 00 00 00 FF F1 00
228870 12F 8 3F 00 00 00 00 40 01 00
228873 1A0 8 00 00 00 00 00 00 20 20
228876 1A6 8 00 00 00 00 00 00 B0 F1
228879 0AA 8 5F 59 FF 00 00 00 80 99
228918 0AA 8 5F 59 FF 00 00 00 80 99
228925 1B4 8 00 C0 E0 FC 00 30 FC 81
228927 193 8 4A FE F1 00 00 50 00 00
228930 21A 8 04 00 F7 00 00 00 00 00
228933 1F6 8 80 F0 00 00 00 00 00 00
228936 19E 8 00 E0 13 FC CC 00 00 A9
228939 0C0 8 F9 FF 00 00 00 00 00 00
228942 0D7 8 6C FF 00 00 00 00 00 00
228945 349 8 E4 25 D0 20 00 00 00 00
228948 34F 8 FD FF 00 00 00 00 00 00
228958 130 8 45 42 69 8F 35 00 00 00
228961 1D0 8 30 30 24 CD 00 00 CD A8
228964 1D2 8 E1 0F FF 3C F0 FF FF FF
228967 0C4 8 83 00 00 00 00 FF F1 00
228970 12F 8 3F 00 00 00 00 40 01 00
228973 1A0 8 00 00 00 00 00 00 30 30
228975 1A6 8 00 00 00 00 00 00 40 F3
228978 0AA 8 5F 59 FF 00 00 00 80 99
228987 592 8 40 68 00 30 FF FF FF FF
